1,4.000000,57845.000000,4.388889,103.909381,74.613579,214.423983
1,5.000000,756.000000,0.611111,68.263889,60.097222,111.369863
1,4.000000,52938.000000,4.979592,99.364560,69.668868,212.565014
1,5.000000,1050.000000,0.619048,69.328947,60.539474,115.151899
1,4.000000,52938.000000,4.979592,99.727697,69.962448,212.374023
1,5.000000,798.000000,0.428571,68.750000,59.882353,115.661972
1,4.000000,52938.000000,4.979592,99.407215,69.777337,212.397785
1,5.000000,840.000000,0.550000,69.720588,60.338235,115.704225
1,4.000000,52938.000000,4.979592,99.712921,69.724306,212.509910
1,5.000000,714.000000,0.647059,69.500000,60.483871,116.307692
1,4.000000,52938.000000,4.979592,100.091286,68.988463,213.281999
1,5.000000,1000.000000,0.650000,70.250000,61.125000,115.819277
1,4.000000,52938.000000,4.979592,99.723780,70.060061,212.557001
1,5.000000,756.000000,0.611111,69.158730,60.015873,115.696970
1,4.000000,52938.000000,4.979592,99.417973,69.874720,212.602422
1,5.000000,850.000000,0.764706,66.800000,60.414286,113.500000
1,4.000000,52938.000000,4.979592,99.626205,69.741399,212.790035
1,5.000000,1000.000000,0.650000,70.153846,60.769231,113.750000
1,4.000000,52938.000000,4.979592,99.324074,70.498881,212.345677
1,5.000000,714.000000,0.647059,69.200000,60.661538,116.088235
1,4.000000,52938.000000,4.979592,99.286834,70.480057,212.444399
1,6.000000,760.000000,0.500000,68.132353,59.867647,113.185714
1,4.000000,52938.000000,4.979592,99.868212,69.846248,212.695710
1,5.000000,646.000000,0.588235,68.524590,60.803279,115.906250
1,4.000000,52938.000000,4.979592,99.887514,70.602799,212.430629
1,5.000000,798.000000,0.476190,68.608696,60.188406,113.098592
1,4.000000,52938.000000,4.979592,99.918171,69.738998,213.122567
1,5.000000,1050.000000,0.619048,69.075949,60.987342,115.170732
1,4.000000,52938.000000,4.979592,99.840334,70.441879,212.648500
1,6.000000,850.000000,0.764706,68.944444,60.722222,115.653333
1,4.000000,52938.000000,4.979592,99.926701,70.222437,212.850995
1,5.000000,966.000000,0.571429,68.824324,60.459459,115.181818
1,4.000000,52938.000000,4.979592,99.669204,70.515428,212.655435
1,5.000000,646.000000,0.588235,69.287879,60.242424,113.867647
1,4.000000,52938.000000,4.979592,99.391485,69.792725,211.809998
1,5.000000,714.000000,0.647059,69.347826,60.739130,112.557143
1,4.000000,33408.000000,7.935484,100.812868,75.112312,208.188614
1,7.000000,570.000000,0.666667,67.925926,62.129630,122.616667
1,4.000000,33600.000000,7.967742,100.896057,73.651841,209.442057
1,5.000000,361.000000,1.000000,67.843137,62.529412,126.293103
1,5.000000,152.000000,0.500000,101.264706,97.588235,182.882353
1,5.000000,1161.000000,0.666667,63.655172,54.405172,109.344828
1,5.000000,440.000000,3.333333,54.540984,51.983607,108.295082
1,5.000000,375.000000,1.625000,58.873239,48.915493,110.183099
1,4.000000,1197.000000,0.357143,65.565657,57.303030,103.767677
1,4.000000,231.000000,0.545455,61.583333,59.694444,111.361111
1,7.000000,630.000000,0.733333,59.683333,57.683333,107.666667
1,2.000000,392.000000,23.500000,103.058824,96.725490,175.421569
1,7.000000,504.000000,0.916667,64.117647,61.858824,108.376471
1,3.000000,3841.000000,7.900000,95.278926,79.900826,181.628099
1,4.000000,520.000000,0.769231,51.064103,47.487179,105.102564
1,3.000000,14229.000000,6.947368,95.643982,73.039106,202.660101
1,4.000000,2310.000000,0.378378,63.718447,60.951456,127.771930
1,9.000000,170.000000,1.500000,128.911765,118.617647,208.684211
1,4.000000,15996.000000,4.066667,91.799745,69.078231,212.789049
1,7.000000,152.000000,2.000000,63.714286,62.095238,129.320000
1,6.000000,3996.000000,0.320755,66.554688,60.941406,123.865385
1,4.000000,380.000000,3.166667,59.576471,56.458824,104.917647
1,4.000000,5076.000000,0.403846,62.328244,55.805344,117.488550
1,6.000000,360.000000,3.000000,58.704225,56.450704,104.535211
1,4.000000,4860.000000,0.365385,62.765182,55.720648,116.097166
1,13.000000,165.000000,1.333333,64.263158,62.631579,103.789474
1,8.000000,2940.000000,0.588235,58.143969,51.634241,108.182879
1,4.000000,8722.000000,1.069767,95.136967,78.285814,200.034941
1,3.000000,15429.000000,1.346939,95.079118,83.024643,184.815824
1,2.000000,1064.000000,0.370370,64.514286,59.685714,110.657143
1,2.000000,1012.000000,11.000000,100.869565,95.224638,178.000000
1,4.000000,65987.000000,2.861111,102.235433,76.655343,212.842816
1,4.000000,364.000000,2.000000,91.476190,83.690476,163.744186
1,5.000000,684.000000,1.800000,89.826087,82.304348,161.260870
1,5.000000,722.000000,1.900000,89.309859,82.633803,161.549296
1,5.000000,684.000000,1.800000,89.957143,82.457143,161.385714
1,4.000000,1664.000000,1.666667,62.687500,57.597222,103.201389
1,4.000000,8280.000000,1.048780,62.175772,59.223278,108.638955
1,4.000000,8352.000000,0.847826,63.623656,58.939785,108.918280
1,4.000000,8832.000000,1.023256,62.744086,59.294624,109.163441
1,7.000000,210.000000,1.833333,104.302326,99.697674,201.627907
1,10.000000,150.000000,1.333333,67.681818,66.045455,114.727273
1,9.000000,546.000000,0.846154,57.370370,55.648148,109.592593
1,4.000000,945.000000,2.000000,117.545977,112.017241,230.373563
1,3.000000,174.000000,3.750000,63.333333,61.380952,109.619048
1,5.000000,306.000000,3.400000,60.885714,59.028571,108.200000
1,5.000000,6468.000000,1.085714,71.421488,68.010331,121.933884
1,4.000000,2223.000000,5.600000,116.670391,111.064246,217.103352
1,9.000000,136.000000,0.555556,75.266667,73.733333,123.933333
1,3.000000,4183.000000,2.150000,68.492908,65.989362,124.524823
1,4.000000,152.000000,2.000000,58.692308,56.923077,112.384615
1,4.000000,3675.000000,0.685714,67.514451,64.734104,118.502890
1,6.000000,130.000000,0.857143,55.727273,52.227273,106.363636
1,5.000000,3400.000000,0.487805,64.105932,61.110169,116.288136
1,5.000000,138.000000,0.333333,73.965517,69.655172,117.689655
1,5.000000,345.000000,0.666667,75.571429,70.207792,122.649351
1,6.000000,1323.000000,0.583333,71.853211,69.853211,121.642202
1,9.000000,165.000000,0.750000,52.291667,50.750000,104.208333
1,4.000000,390.000000,2.142857,53.660377,51.830189,103.377358
1,3.000000,490.000000,4.800000,57.521127,52.211268,110.436620
1,7.000000,8588.000000,0.641509,59.698885,52.022305,115.561338
1,5.000000,216.000000,2.400000,52.465116,46.348837,103.279070
1,4.000000,3842.000000,3.857143,61.928571,59.066667,110.200000
1,7.000000,117.000000,0.714286,61.555556,59.944444,103.944444
1,2.000000,7080.000000,4.421053,61.376471,55.089412,103.877647
1,4.000000,5589.000000,0.820513,64.454849,61.548495,109.913043
1,4.000000,536.000000,6.400000,58.854701,55.102564,116.504274
1,4.000000,930.000000,4.285714,45.369231,39.592308,103.484615
1,6.000000,407.000000,3.000000,58.380000,53.620000,101.360000
1,6.000000,1430.000000,0.481481,56.702247,47.674157,103.617978
1,5.000000,1334.000000,0.428571,64.680473,60.875740,114.952663
1,7.000000,136.000000,1.800000,66.411765,64.941176,108.882353
1,5.000000,29640.000000,1.725806,63.988976,52.251181,111.830709
1,6.000000,900.000000,0.722222,55.829457,52.860465,120.410853
1,6.000000,29240.000000,1.593750,77.310345,64.202255,128.822944
1,7.000000,231.000000,1.833333,71.150000,66.900000,145.734694
1,6.000000,2675.000000,3.923077,49.382900,45.364312,108.327338
1,6.000000,27800.000000,0.684211,61.447552,55.984016,114.304950
1,6.000000,71336.000000,0.807143,69.868994,59.773246,126.005858
1,6.000000,420.000000,1.750000,59.025641,44.615385,128.576923
1,8.000000,33847.000000,1.011628,49.482275,40.413026,115.472383
1,6.000000,1025.000000,1.538462,59.701031,49.793814,118.164948
1,3.000000,189.000000,3.500000,97.700000,91.250000,157.050000
1,4.000000,390.000000,2.142857,56.218182,50.109091,116.727273
1,8.000000,665.000000,1.700000,65.114286,60.685714,103.028571
1,3.000000,150.000000,1.333333,99.357143,83.642857,161.357143
1,7.000000,204.000000,1.285714,70.576923,60.461538,105.615385
